8.132562  10.040200
20.957506  25.528900
367.874622  449.486500
5.550127  6.852000
12.235534  14.898900
10.908600  12.808184
0.000043  0.000080
9.273285  11.448500
0.231800  0.423229
17.037902  20.746800
0.000028  0.000063
19.392100  21.179001
0.000399  0.000885
15.494832  18.606800
0.000259  0.000533
79.931600  87.634935
0.007400  0.009990
53.204300  71.825805
9.615900  20.247293
0.962404  1.062500
1.364243  1.631100
137.106500  185.093775
0.000442  0.000596
1371.100000  2983.506169
2.292100  4.673301
