7.499878  9.363000
49.563000  55.284283
615.438200  742.928786
7.821900  9.628025
11.220200  11.634980
11.761800  15.218495
0.000056  0.000056
6.082400  6.992939
0.224984  0.226000
19.457200  21.189405
0.000020  0.000024
12.912100  17.823607
0.000304  0.000562
13.571619  43.676800
0.000326  0.000420
39.735336  46.261000
0.012790  0.013400
73.186700  75.058795
20.098200  21.673889
1.818457  2.419500
0.934300  1.543200
67.845770  82.215200
0.000330  0.000338
736.913401  916.321100
13.129900  16.548626
