9.156400  5000.000000
0.500000  40.372300
382.611500  5000.000000
8.761300  4383.481831
11.772500  187.057563
15.177500  1247.538556
0.000047  1582.321066
7.880700  145.379013
0.344800  5000.000000
20.225600  1758.033996
0.000019  2835.956457
14.500400  421.922792
0.000336  2755.734407
66.030600  5000.000000
0.000368  0.500000
41.631100  4016.841246
0.008900  2688.331381
80.919000  1882.696436
18.913600  3409.860007
1.704800  3651.199906
1.537900  4533.450228
61.101200  1415.774646
0.000303  1807.806046
890.223700  2437.559690
0.500000  9.192600
